[0: Straight]
5.43075e-05  2.0191e-05           1
 -49.2 190.92  48.92
-2.306  4.224  0.678

[1: Pitch=5(deg)]
9.10325e-05  -0.0872342    0.996188
-48.22 190.23  48.87
-2.255  4.208  0.717

[2: Pitch=10(deg)]
0.000120554   -0.174355    0.984683
-50.34 189.19  49.15
-2.12 4.179 0.699

[3: Pitch=15(deg)]
0.000235853    -0.25978    0.965668
-46.89  185.8  48.82
-2.109  4.169  0.718

[4: Pitch=20(deg)]
0.000443347    -0.34356    0.939131
-48.15 185.75  48.27
-2.022  4.187  0.726

[5: Pitch=25(deg)]
0.000545351   -0.424524    0.905416
-50.69 185.95  47.63
-1.923  4.224  0.725

[6: Pitch=30(deg)]
0.000861524    -0.50225    0.864722
-48.98 182.01  47.41
-1.895  4.182  0.721

[7: Pitch=35(deg)]
0.00100034  -0.576068   0.817401
-49.94 184.59  46.35
-1.759  4.189  0.739

[8: Pitch=40(deg)]
0.00104825  -0.645323   0.763909
-49.85 182.37  45.62
-1.784  4.202  0.768

[9: Pitch=45(deg)]
0.00125646   -0.70982   0.704382
 -48.4 180.65  45.38
-1.728  4.181  0.768

[10: Pitch=-5(deg)]
0.0010386 0.0839343  0.996471
-49.77  190.8  48.49
-2.406  4.188  0.665

[11: Pitch=-10(deg)]
0.000955561    0.170233    0.985403
-50.55  192.7  49.05
-2.464   4.22  0.647

[12: Pitch=-15(deg)]
0.000895527    0.256631    0.966509
-50.19 191.45  49.71
-2.52 4.162 0.657

[13: Pitch=-20(deg)]
0.000807712    0.339546    0.940589
-50.46 193.95     50
-2.574  4.173  0.667

[14: Pitch=-25(deg)]
0.000678109    0.421529    0.906815
-48.86 196.52  48.71
-2.651  4.176  0.666

[15: Pitch=-30(deg)]
0.000765507    0.499125     0.86653
-49.45 196.05  48.38
-2.719  4.207  0.672

[16: Pitch=-35(deg)]
0.000678039    0.573255    0.819377
-50.34 195.89  47.48
-2.769   4.17  0.626

[17: Pitch=-40(deg)]
0.000670695     0.64275    0.766075
-50.78 198.01  46.11
-2.821  4.155  0.617

[18: Pitch=-45(deg)]
0.000503563    0.707259    0.706954
   -48 197.27  45.87
-2.85 4.182 0.647

[19: Yaw=5(deg)]
   0.088326 0.000519679    0.996091
 -49.5 189.36  48.04
-2.296  4.298  0.721

[20: Yaw=10(deg)]
   0.174967 0.000441803    0.984574
-48.28 188.51  47.39
-2.298  4.339  0.749

[21: Yaw=15(deg)]
   0.261245 0.000673599    0.965272
-46.92 187.43  50.16
-2.277  4.384   0.76

[22: Yaw=20(deg)]
   0.344894 0.000721883    0.938641
-47.32 187.14  50.37
-2.225  4.449  0.765

[23: Yaw=25(deg)]
 0.425797 0.0008329  0.904818
-44.14 186.03  49.27
-2.255  4.503  0.779

[24: Yaw=30(deg)]
   0.502208 0.000790544    0.864746
-43.83 187.66  48.33
-2.283  4.534  0.806

[25: Yaw=35(deg)]
    0.5774 0.00102152   0.816461
-44.16 187.15  48.06
-2.303  4.664  0.772

[26: Yaw=40(deg)]
  0.646918 0.00114608   0.762559
-42.01 187.62  46.36
-2.273  4.691  0.793

[27: Yaw=45(deg)]
  0.711288 0.00118055     0.7029
-40.97 190.31  45.62
-2.253  4.756  0.833

[28: Yaw=-5(deg)]
-0.0814875 0.00123334   0.996674
-49.82 191.89   48.8
-2.322  4.156  0.652

[29: Yaw=-10(deg)]
 -0.167281 0.00111385   0.985909
-50.57 190.56  48.99
-2.301  4.054  0.622

[30: Yaw=-15(deg)]
 -0.254814 0.00137786   0.966989
-52.23 191.73   48.8
-2.312  4.015  0.617

[31: Yaw=-20(deg)]
 -0.337282 0.00141203   0.941402
-54.36 190.79  48.35
-2.319  3.938   0.63

[32: Yaw=-25(deg)]
-0.419888 0.0018302  0.907574
-54.03 189.82  47.72
-2.31 3.897 0.599

[33: Yaw=-30(deg)]
  -0.49805 0.00210338   0.867146
-53.99 189.28  47.89
-2.326  3.832  0.604

[34: Yaw=-35(deg)]
 -0.572456 0.00246217   0.819932
-57.17 189.85  47.17
-2.296  3.759  0.569

[35: Yaw=-40(deg)]
 -0.642183 0.00282242   0.766546
-57.39 190.64  46.01
-2.295  3.712  0.588

[36: Yaw=-45(deg)]
 -0.706769 0.00321764   0.707437
-58.49 191.78  45.92
-2.307  3.684  0.588
